0 0.4822335025380711 0.37890625 0.05076142131979701 0.37890625 0.050761421319797044 0.73828125 0.48223350253807123 0.73828125
0 0.48223350253807107 0.09765625000000003 0.0050761421319797115 0.09765625 0.005076142131979728 0.3125 0.48223350253807107 0.3125
0 1 0.003906250000000081 0.7106598984771574 0.003906250000000068 0.7106598984771574 0.2539062500000001 1 0.2539062500000001
0 0.7614213197969543 0.003906250000000059 0.49746192893401014 0.003906250000000047 0.49746192893401014 0.25000000000000006 0.7614213197969543 0.2500000000000001
0 0.7614213197969543 0.25781250000000006 0.5025380710659898 0.2578125 0.5025380710659899 0.54296875 0.7614213197969543 0.54296875
0 1 0.24609375000000008 0.7055837563451777 0.24609375000000006 0.7055837563451777 0.4882812500000001 1 0.4882812500000001
0 0.9949238578680203 0.52734375 0.6852791878172588 0.52734375 0.6852791878172588 0.7421875 0.9949238578680203 0.7421875
0 0.7817258883248731 0.5859375 0.50253807106599 0.5859375 0.50253807106599 0.6875 0.7817258883248731 0.6875
0 0.7664974619289342 0.84375 0.5634517766497463 0.84375 0.5634517766497463 1 0.7664974619289343 1
0 0.9593908629441625 0.83984375 0.7563451776649747 0.83984375 0.7563451776649748 1 0.9593908629441628 1
0 0.43654822335025395 0.84375 0.10152284263959405 0.84375 0.10152284263959405 0.99609375 0.43654822335025395 0.99609375